<?xml version="1.0"?>
<opencv_storage>
<cameraMatrix_l type_id="opencv-matrix">
  <rows>3</rows>
  <cols>3</cols>
  <dt>d</dt>
  <data>
    2.4166653597307268e+02 0. 1.0489091525881697e+02 0.
    2.4523837298552479e+02 7.5144716175046014e+01 0. 0. 1.</data></cameraMatrix_l>
<cameraMatrix_r type_id="opencv-matrix">
  <rows>3</rows>
  <cols>3</cols>
  <dt>d</dt>
  <data>
    7.2895210331846772e+02 0. 3.1797668298848146e+02 0.
    7.2913053008160603e+02 2.2451888414863058e+02 0. 0. 1.</data></cameraMatrix_r>
<rotation type_id="opencv-matrix">
  <rows>3</rows>
  <cols>3</cols>
  <dt>d</dt>
  <data>
    7.8676199643165978e-01 -4.2815354649112736e-01
    -4.4462355043108004e-01 3.5557481436534344e-01
    9.0316940546785096e-01 -2.4052354648952823e-01
    5.0455139714395869e-01 3.1137849217933153e-02 8.6281998237532764e-01</data></rotation>
<translation type_id="opencv-matrix">
  <rows>3</rows>
  <cols>1</cols>
  <dt>d</dt>
  <data>
    5.1858855827568116e+00 -7.2110258341797628e+00
    1.9735943747206026e+01</data></translation>
</opencv_storage>
